image_width: 1280
image_height: 960
camera_name: elp_right
camera_matrix:
  rows: 3
  cols: 3
  data: [1155.500775, 0.000000, 718.291237, 0.000000, 1151.131721, 510.432300, 0.000000, 0.000000, 1.000000]
distortion_model: plumb_bob
distortion_coefficients:
  rows: 1
  cols: 5
  data: [0.114212, -0.130356, -0.004894, 0.008865, 0.000000]
rectification_matrix:
  rows: 3
  cols: 3
  data: [0.999264, 0.001324, 0.038343, -0.001811, 0.999918, 0.012664, -0.038323, -0.012724, 0.999184]
projection_matrix:
  rows: 3
  cols: 4
  data: [1211.261987, 0.000000, 667.977539, -72.128993, 0.000000, 1211.261987, 494.514416, 0.000000, 0.000000, 0.000000, 1.000000, 0.000000]
