image_width: 1280
image_height: 960
camera_name: narrow_stereo/left
camera_matrix:
  rows: 3
  cols: 3
  data: [1152.709949, 0.000000, 655.077688, 0.000000, 1142.566606, 522.127097, 0.000000, 0.000000, 1.000000]
distortion_model: plumb_bob
distortion_coefficients:
  rows: 1
  cols: 5
  data: [0.095295, -0.109206, -0.000212, -0.015696, 0.000000]
rectification_matrix:
  rows: 3
  cols: 3
  data: [0.952713, 0.217012, -0.212705, -0.214955, 0.976065, 0.033034, 0.214782, 0.014250, 0.976558]
projection_matrix:
  rows: 3
  cols: 4
  data: [2018.726946, 0.000000, 1157.301417, 0.000000, 0.000000, 2018.726946, 468.394775, 0.000000, 0.000000, 0.000000, 1.000000, 0.000000]
