image_width: 1280
image_height: 960
camera_name: narrow_stereo/right
camera_matrix:
  rows: 3
  cols: 3
  data: [1164.557361, 0.000000, 682.463281, 0.000000, 1159.840192, 533.430061, 0.000000, 0.000000, 1.000000]
distortion_model: plumb_bob
distortion_coefficients:
  rows: 1
  cols: 5
  data: [0.096575, -0.116290, 0.002348, -0.006837, 0.000000]
rectification_matrix:
  rows: 3
  cols: 3
  data: [0.900503, 0.212209, -0.379553, -0.215900, 0.975845, 0.033367, 0.377466, 0.051898, 0.924568]
projection_matrix:
  rows: 3
  cols: 4
  data: [2018.726946, 0.000000, 1157.301417, -354.847680, 0.000000, 2018.726946, 468.394775, 0.000000, 0.000000, 0.000000, 1.000000, 0.000000]
