# oST version 5.0 parameters


[image]

width
1280

height
960

[narrow_stereo/left]

camera matrix
1152.362375 0.000000 684.878860
0.000000 1148.102351 505.047860
0.000000 0.000000 1.000000

distortion
0.068133 -0.097359 -0.006783 -0.001456 0.000000

rectification
0.999778 0.002884 -0.020853
-0.003045 0.999966 -0.007681
0.020830 0.007743 0.999753

projection
1189.888759 0.000000 722.512604 0.000000
0.000000 1189.888759 504.404800 0.000000
0.000000 0.000000 1.000000 0.000000

# oST version 5.0 parameters


[image]

width
1280

height
960

[narrow_stereo/right]

camera matrix
1154.425273 0.000000 707.267497
0.000000 1148.703525 512.550637
0.000000 0.000000 1.000000

distortion
0.079798 -0.129687 -0.002516 0.002896 0.000000

rectification
0.999923 0.000915 -0.012382
-0.000820 0.999970 0.007717
0.012389 -0.007707 0.999894

projection
1189.888759 0.000000 722.512604 -71.311767
0.000000 1189.888759 504.404800 0.000000
0.000000 0.000000 1.000000 0.000000

