# oST version 5.0 parameters


[image]

width
1280

height
960

[narrow_stereo/left]

camera matrix
1165.454549 0.000000 703.652374
0.000000 1161.230304 495.373520
0.000000 0.000000 1.000000

distortion
0.122326 -0.239508 -0.012030 0.001681 0.000000

rectification
0.999564 0.004811 0.029127
-0.004441 0.999909 -0.012763
-0.029186 0.012628 0.999494

projection
1211.261987 0.000000 667.977539 0.000000
0.000000 1211.261987 494.514416 0.000000
0.000000 0.000000 1.000000 0.000000

# oST version 5.0 parameters


[image]

width
1280

height
960

[narrow_stereo/right]

camera matrix
1155.500775 0.000000 718.291237
0.000000 1151.131721 510.432300
0.000000 0.000000 1.000000

distortion
0.114212 -0.130356 -0.004894 0.008865 0.000000

rectification
0.999264 0.001324 0.038343
-0.001811 0.999918 0.012664
-0.038323 -0.012724 0.999184

projection
1211.261987 0.000000 667.977539 -72.128993
0.000000 1211.261987 494.514416 0.000000
0.000000 0.000000 1.000000 0.000000

