image_width: 1280
image_height: 960
camera_name: narrow_stereo/right
camera_matrix:
  rows: 3
  cols: 3
  data: [1154.425273, 0.000000, 707.267497, 0.000000, 1148.703525, 512.550637, 0.000000, 0.000000, 1.000000]
distortion_model: plumb_bob
distortion_coefficients:
  rows: 1
  cols: 5
  data: [0.079798, -0.129687, -0.002516, 0.002896, 0.000000]
rectification_matrix:
  rows: 3
  cols: 3
  data: [0.999923, 0.000915, -0.012382, -0.000820, 0.999970, 0.007717, 0.012389, -0.007707, 0.999894]
projection_matrix:
  rows: 3
  cols: 4
  data: [1189.888759, 0.000000, 722.512604, -71.311767, 0.000000, 1189.888759, 504.404800, 0.000000, 0.000000, 0.000000, 1.000000, 0.000000]
