image_width: 1280
image_height: 960
camera_name: elp_left
camera_matrix:
  rows: 3
  cols: 3
  data: [1152.362375, 0.000000, 684.878860, 0.000000, 1148.102351, 505.047860, 0.000000, 0.000000, 1.000000]
distortion_model: plumb_bob
distortion_coefficients:
  rows: 1
  cols: 5
  data: [0.068133, -0.097359, -0.006783, -0.001456, 0.000000]
rectification_matrix:
  rows: 3
  cols: 3
  data: [0.999778, 0.002884, -0.020853, -0.003045, 0.999966, -0.007681, 0.020830, 0.007743, 0.999753]
projection_matrix:
  rows: 3
  cols: 4
  data: [1189.888759, 0.000000, 722.512604, 0.000000, 0.000000, 1189.888759, 504.404800, 0.000000, 0.000000, 0.000000, 1.000000, 0.000000]
