# oST version 5.0 parameters


[image]

width
1280

height
960

[narrow_stereo/left]

camera matrix
1152.709949 0.000000 655.077688
0.000000 1142.566606 522.127097
0.000000 0.000000 1.000000

distortion
0.095295 -0.109206 -0.000212 -0.015696 0.000000

rectification
0.952713 0.217012 -0.212705
-0.214955 0.976065 0.033034
0.214782 0.014250 0.976558

projection
2018.726946 0.000000 1157.301417 0.000000
0.000000 2018.726946 468.394775 0.000000
0.000000 0.000000 1.000000 0.000000

# oST version 5.0 parameters


[image]

width
1280

height
960

[narrow_stereo/right]

camera matrix
1164.557361 0.000000 682.463281
0.000000 1159.840192 533.430061
0.000000 0.000000 1.000000

distortion
0.096575 -0.116290 0.002348 -0.006837 0.000000

rectification
0.900503 0.212209 -0.379553
-0.215900 0.975845 0.033367
0.377466 0.051898 0.924568

projection
2018.726946 0.000000 1157.301417 -354.847680
0.000000 2018.726946 468.394775 0.000000
0.000000 0.000000 1.000000 0.000000

