image_width: 1280
image_height: 960
camera_name: elp_left
camera_matrix:
  rows: 3
  cols: 3
  data: [1165.454549, 0.000000, 703.652374, 0.000000, 1161.230304, 495.373520, 0.000000, 0.000000, 1.000000]
distortion_model: plumb_bob
distortion_coefficients:
  rows: 1
  cols: 5
  data: [0.122326, -0.239508, -0.012030, 0.001681, 0.000000]
rectification_matrix:
  rows: 3
  cols: 3
  data: [0.999564, 0.004811, 0.029127, -0.004441, 0.999909, -0.012763, -0.029186, 0.012628, 0.999494]
projection_matrix:
  rows: 3
  cols: 4
  data: [1211.261987, 0.000000, 667.977539, 0.000000, 0.000000, 1211.261987, 494.514416, 0.000000, 0.000000, 0.000000, 1.000000, 0.000000]
