image_width: 1280
image_height: 960
camera_name: elp_left
camera_matrix:
  rows: 3
  cols: 3
  data: [822.205767, 0.000000, 701.146975, 0.000000, 821.558741, 513.158079, 0.000000, 0.000000, 1.000000]
distortion_model: plumb_bob
distortion_coefficients:
  rows: 1
  cols: 5
  data: [-0.391850, 0.128288, 0.000689, 0.002231, 0.000000]
rectification_matrix:
  rows: 3
  cols: 3
  data: [0.998912, -0.009120, -0.045745, 0.009099, 0.999958, -0.000660, 0.045749, 0.000243, 0.998953]
projection_matrix:
  rows: 3
  cols: 4
  data: [701.701100, 0.000000, 814.558929, 0.000000, 0.000000, 701.701100, 535.040466, 0.000000, 0.000000, 0.000000, 1.000000, 0.000000]
