image_width: 1280
image_height: 960
camera_name: elp_right
camera_matrix:
  rows: 3
  cols: 3
  data: [836.299988, 0.000000, 668.743865, 0.000000, 832.706915, 522.891934, 0.000000, 0.000000, 1.000000]
distortion_model: plumb_bob
distortion_coefficients:
  rows: 1
  cols: 5
  data: [-0.356942, 0.095577, 0.000687, 0.001916, 0.000000]
rectification_matrix:
  rows: 3
  cols: 3
  data: [0.999752, 0.004363, -0.021856, -0.004295, 0.999986, 0.003137, 0.021870, -0.003042, 0.999756]
projection_matrix:
  rows: 3
  cols: 4
  data: [717.013342, 0.000000, 733.256760, -43.017793, 0.000000, 717.013342, 544.209450, 0.000000, 0.000000, 0.000000, 1.000000, 0.000000]

