image_width: 1280
image_height: 960
camera_name: elp_left
camera_matrix:
  rows: 3
  cols: 3
  data: [828.837129, 0.000000, 692.196399, 0.000000, 825.845176, 531.647653, 0.000000, 0.000000, 1.000000]
distortion_model: plumb_bob
distortion_coefficients:
  rows: 1
  cols: 5
  data: [-0.361195, 0.096991, -0.000200, 0.000468, 0.000000]
rectification_matrix:
  rows: 3
  cols: 3
  data: [0.999991, 0.003800, -0.001854, -0.003800, 0.999993, 0.000020, 0.001854, -0.000012, 0.999998]
projection_matrix:
  rows: 3
  cols: 4
  data: [711.266021, 0.000000, 731.569977, 0.000000, 0.000000, 711.266021, 551.976334, 0.000000, 0.000000, 0.000000, 1.000000, 0.000000]
