image_width: 1280
image_height: 960
camera_name: elp_right
camera_matrix:
  rows: 3
  cols: 3
  data: [828.531492, 0.000000, 709.734792, 0.000000, 827.397729, 523.400029, 0.000000, 0.000000, 1.000000]
distortion_model: plumb_bob
distortion_coefficients:
  rows: 1
  cols: 5
  data: [-0.399313, 0.134607, 0.001021, 0.002380, 0.000000]
rectification_matrix:
  rows: 3
  cols: 3
  data: [0.998543, -0.008927, -0.053211, 0.008951, 0.999960, 0.000214, 0.053207, -0.000690, 0.998583]
projection_matrix:
  rows: 3
  cols: 4
  data: [701.701100, 0.000000, 814.558929, -40.950067, 0.000000, 701.701100, 535.040466, 0.000000, 0.000000, 0.000000, 1.000000, 0.000000]
