image_width: 1280
image_height: 960
camera_name: elp_left
camera_matrix:
  rows: 3
  cols: 3
  data: [873.335878, 0.000000, 657.308026, 0.000000, 874.067256, 519.064991, 0.000000, 0.000000, 1.000000]
distortion_model: plumb_bob
distortion_coefficients:
  rows: 1
  cols: 5
  data: [-0.395007, 0.122331, 0.000994, 0.007477, 0.000000]
rectification_matrix:
  rows: 3
  cols: 3
  data: [0.924435, 0.051156, 0.377893, -0.051405, 0.998633, -0.009435, -0.377859, -0.010704, 0.925801]
projection_matrix:
  rows: 3
  cols: 4
  data: [956.489705, 0.000000, -156.692383, 0.000000, 0.000000, 956.489705, 577.514877, 0.000000, 0.000000, 0.000000, 1.000000, 0.000000]
