image_width: 1280
image_height: 960
camera_name: elp_right
camera_matrix:
  rows: 3
  cols: 3
  data: [867.414021, 0.000000, 657.224594, 0.000000, 868.243897, 523.957942, 0.000000, 0.000000, 1.000000]
distortion_model: plumb_bob
distortion_coefficients:
  rows: 1
  cols: 5
  data: [-0.383750, 0.114599, -0.000456, 0.006632, 0.000000]
rectification_matrix:
  rows: 3
  cols: 3
  data: [0.931726, 0.050903, 0.359577, -0.050666, 0.998665, -0.010089, -0.359611, -0.008818, 0.933061]
projection_matrix:
  rows: 3
  cols: 4
  data: [956.489705, 0.000000, -156.692383, -62.374942, 0.000000, 956.489705, 577.514877, 0.000000, 0.000000, 0.000000, 1.000000, 0.000000]

