image_width: 1280
image_height: 960
camera_name: elp_left
camera_matrix:
  rows: 3
  cols: 3
  data: [830.315974, 0.000000, 674.882332, 0.000000, 828.337447, 527.093100, 0.000000, 0.000000, 1.000000]
distortion_model: plumb_bob
distortion_coefficients:
  rows: 1
  cols: 5
  data: [-0.363174, 0.095217, -0.000661, -0.000133, 0.000000]
rectification_matrix:
  rows: 3
  cols: 3
  data: [0.996657, 0.017489, -0.079809, -0.017428, 0.999847, 0.001467, 0.079822, -0.000071, 0.996809]
projection_matrix:
  rows: 3
  cols: 4
  data: [727.989922, 0.000000, 863.160873, 0.000000, 0.000000, 727.989922, 529.386986, 0.000000, 0.000000, 0.000000, 1.000000, 0.000000]
