image_width: 1280
image_height: 960
camera_name: elp_left
camera_matrix:
  rows: 3
  cols: 3
  data: [821.733371, 0.000000, 692.591150, 0.000000, 818.936006, 521.600882, 0.000000, 0.000000, 1.000000]
distortion_model: plumb_bob
distortion_coefficients:
  rows: 1
  cols: 5
  data: [-0.366810, 0.100157, 0.003152, -0.000054, 0.000000]
rectification_matrix:
  rows: 3
  cols: 3
  data: [0.999963, -0.005653, -0.006524, 0.005683, 0.999974, 0.004511, 0.006498, -0.004548, 0.999969]
projection_matrix:
  rows: 3
  cols: 4
  data: [693.145785, 0.000000, 744.708229, 0.000000, 0.000000, 693.145785, 547.869377, 0.000000, 0.000000, 0.000000, 1.000000, 0.000000]
