image_width: 1280
image_height: 960
camera_name: elp_right
camera_matrix:
  rows: 3
  cols: 3
  data: [835.501024, 0.000000, 692.705577, 0.000000, 832.287560, 536.669556, 0.000000, 0.000000, 1.000000]
distortion_model: plumb_bob
distortion_coefficients:
  rows: 1
  cols: 5
  data: [-0.358061, 0.092135, -0.001529, -0.000560, 0.000000]
rectification_matrix:
  rows: 3
  cols: 3
  data: [0.999758, 0.003051, -0.021809, -0.003051, 0.999995, 0.000017, 0.021809, 0.000049, 0.999762]
projection_matrix:
  rows: 3
  cols: 4
  data: [711.266021, 0.000000, 731.569977, -41.992642, 0.000000, 711.266021, 551.976334, 0.000000, 0.000000, 0.000000, 1.000000, 0.000000]

