image_width: 1280
image_height: 960
camera_name: elp_right
camera_matrix:
  rows: 3
  cols: 3
  data: [836.372870, 0.000000, 693.560735, 0.000000, 834.554932, 511.408216, 0.000000, 0.000000, 1.000000]
distortion_model: plumb_bob
distortion_coefficients:
  rows: 1
  cols: 5
  data: [-0.359071, 0.090094, -0.001118, -0.001678, 0.000000]
rectification_matrix:
  rows: 3
  cols: 3
  data: [0.996119, 0.011710, -0.087229, -0.011777, 0.999931, -0.000256, 0.087220, 0.001282, 0.996188]
projection_matrix:
  rows: 3
  cols: 4
  data: [727.989922, 0.000000, 863.160873, -40.015166, 0.000000, 727.989922, 529.386986, 0.000000, 0.000000, 0.000000, 1.000000, 0.000000]
