image_width: 1280
image_height: 960
camera_name: elp_right
camera_matrix:
  rows: 3
  cols: 3
  data: [825.977789, 0.000000, 718.270513, 0.000000, 823.287347, 524.758560, 0.000000, 0.000000, 1.000000]
distortion_model: plumb_bob
distortion_coefficients:
  rows: 1
  cols: 5
  data: [-0.370433, 0.101915, 0.001526, -0.002403, 0.000000]
rectification_matrix:
  rows: 3
  cols: 3
  data: [0.999665, -0.006524, -0.025048, 0.006411, 0.999969, -0.004610, 0.025077, 0.004448, 0.999676]
projection_matrix:
  rows: 3
  cols: 4
  data: [693.145785, 0.000000, 744.708229, -41.321385, 0.000000, 693.145785, 547.869377, 0.000000, 0.000000, 0.000000, 1.000000, 0.000000]
