image_width: 1280
image_height: 960
camera_name: elp_left
camera_matrix:
  rows: 3
  cols: 3
  data: [834.222277, 0.000000, 679.130255, 0.000000, 830.831781, 526.898698, 0.000000, 0.000000, 1.000000]
distortion_model: plumb_bob
distortion_coefficients:
  rows: 1
  cols: 5
  data: [-0.362143, 0.101330, 0.000731, 0.002125, 0.000000]
rectification_matrix:
  rows: 3
  cols: 3
  data: [0.999794, 0.005921, -0.019408, -0.005981, 0.999978, -0.003032, 0.019389, 0.003147, 0.999807]
projection_matrix:
  rows: 3
  cols: 4
  data: [717.013342, 0.000000, 733.256760, 0.000000, 0.000000, 717.013342, 544.209450, 0.000000, 0.000000, 0.000000, 1.000000, 0.000000]
