image_width: 1280
image_height: 960
camera_name: elp_left
camera_matrix:
  rows: 3
  cols: 3
  data: [1169.15186,    0.     ,  686.60512,
            0.     , 1170.85378,  510.88898,
            0.     ,    0.     ,    1.     ]
distortion_model: plumb_bob
distortion_coefficients:
  rows: 1
  cols: 5
  data: [0.098308, -0.041309, 0.001259, -0.004960, 0.000000]
rectification_matrix:
  rows: 3
  cols: 3
  data: [ 0.99973444,  0.00973185,  0.02088859,
         -0.00956892,  0.99992312, -0.00788567,
         -0.02096372,  0.00768369,  0.99975071]
projection_matrix:
  rows: 3
  cols: 4
  data: [1236.6015 ,    0.     ,  655.92528,    0.     ,
            0.     , 1236.6015 ,  510.57478,    0.     ,
            0.     ,    0.     ,    1.     ,    0.     ]
